# unix_time, cycles_done, cur_path, paths_total, pending_total, pending_favs, map_size, unique_crashes, unique_hangs, max_depth, execs_per_sec
1555501698, 0, 0, 10, 10, 2, 0.06%, 0, 0, 1, 3636.36
1555501703, 0, 16, 23, 17, 1, 0.20%, 0, 0, 4, 4517.99
1555501708, 0, 18, 33, 25, 3, 0.24%, 0, 0, 5, 4664.70
1555501713, 0, 19, 43, 34, 5, 0.27%, 0, 0, 5, 4704.56
1555501718, 0, 29, 50, 39, 7, 0.28%, 0, 0, 6, 4712.03
1555501723, 0, 29, 54, 43, 7, 0.29%, 0, 0, 6, 4754.11
1555501728, 0, 34, 66, 51, 6, 0.34%, 0, 0, 6, 4714.25
1555501733, 0, 46, 68, 51, 8, 0.36%, 0, 0, 6, 4746.99
1555501739, 0, 46, 73, 56, 8, 0.37%, 0, 0, 6, 4705.45
1555501744, 0, 52, 91, 73, 9, 0.37%, 0, 0, 7, 4636.86
1555501749, 0, 58, 92, 70, 7, 0.37%, 0, 0, 7, 4635.58
