# unix_time, cycles_done, cur_path, paths_total, pending_total, pending_favs, map_size, unique_crashes, unique_hangs, max_depth, execs_per_sec
1555335107, 0, 0, 19, 19, 4, 0.34%, 0, 0, 1, 0.00
1555335112, 0, 19, 31, 28, 4, 0.41%, 1, 0, 3, 4783.12
1555335117, 0, 38, 45, 35, 2, 0.52%, 6, 0, 5, 4773.02
1555335122, 0, 45, 56, 43, 3, 0.61%, 11, 0, 7, 4684.96
1555335127, 0, 46, 65, 51, 6, 0.61%, 11, 0, 7, 4629.17
1555335132, 0, 47, 72, 57, 7, 0.63%, 12, 0, 7, 4590.28
1555335137, 0, 53, 74, 54, 3, 0.64%, 14, 0, 8, 4570.39
1555335142, 0, 69, 85, 63, 2, 0.70%, 15, 0, 8, 4618.33
1555335148, 0, 81, 98, 73, 3, 0.79%, 17, 0, 9, 4613.55
1555335153, 0, 88, 104, 78, 7, 0.82%, 18, 0, 10, 4573.28
1555335158, 0, 89, 113, 86, 8, 0.86%, 21, 0, 10, 4579.34
1555335163, 0, 95, 124, 95, 8, 0.91%, 22, 0, 10, 4661.03
1555335168, 0, 100, 128, 98, 10, 0.92%, 23, 0, 11, 4749.08
1555335173, 0, 104, 138, 106, 10, 0.94%, 25, 0, 11, 4714.26
